states 22
terminalStatesBegin 11
symbolTypes 15
Letter Digit Blank + - = : , ; ( ) _ Tab Eol Other
1 2 3 14 4 999 6 17 18 19 20 999 3 3 999
1 1 11 11 11 11 11 11 11 11 11 1 11 11 999
12 2 12 12 12 12 12 12 12 12 12 12 12 12  999
13 13 3 13 13 13 13 13 13 13 13 13 3 3 999
21 21 21 21 5 21 21 21 21 21 21 21 21 21 999
5 5  5 5 5 5 5 5 5 5 5 5 5 15 999
999 999 999 999 999 16 999 999 999 999 999 999 999 999 999
999 999 999 999 999 999 999 999 999 999 999 999 999 999 999
999 999 999 999 999 999 999 999 999 999 999 999 999 999 999
999 999 999 999 999 999 999 999 999 999 999 999 999 999 999
999 999 999 999 999 999 999 999 999 999 999 999 999 999 999
Id = Letter (Letter | Digit | _)*
IntLiteral = Digit+
EmptySpace = (Blank | Eol | Tab)+
PlusOp
Comment = -- Not(Eol)*Eol
AssignOp
Comma
SemiColon
LParen
RParen
MinusOp